1933  1 445
1934  2 1410
1935  3 475
1936  4 978
1937  5 461
1938  6 362
1939  7 530
1940  8 350
1941  9 1100
1942  10  980
1943  11  575
1944  12  694
1945  13  612
1946  14  540
1947  15  381
1948  16  334
1949  17  670
1950  18  769
1951  19  1570
1952  20  512
1953  21  613
1954  22  750
1955  23  603
1956  24  880
1957  25  485
1958  26  812
1959  27  1420
1960  28  4090
1961  29  376
1962  30  904
1963  31  4120
1964  32  1740
1965  33  973
1966  34  378
1967  35  827
1968  36  626
1969  37  3170
1970  38  2790
1971  39  1130
1972  40  437
1973  41  312
